2453216.77       -1.55      -4.36             3.40        3.81      0.348    -0.578 
2453224.74      49.13      -65.45             6.08        1.93      0.227    -0.638 
2453274.61     389.74      -434.68            8.48        7.60      -0.531   -0.726 
2453577.77    3944.09    -2451.49             3.98        5.92      0.408    -0.541 
2453873.91    7330.16    -4247.16             3.95        3.55      0.943    0.267  
2453921.81    7785.40    -4751.86             3.10        5.02      0.679    -0.322 
2454307.82    11909.36   -7472.15             6.00        6.00      0.413     -0.534
2454320.78    12002.87   -7595.21             6.00        6.00      0.219    -0.637 
2454399.52    12605.38   -8123.54             6.00        6.00      -0.836   -0.535 
2455042.68    20045.24   -12700.78            1.12        1.88      0.353    -0.569 
2455408.81    24017.54   -15296.33            0.72       10.54      0.342    -0.576 
2455468.58    24432.31   -15751.05            4.04        2.68      -0.561   -0.711 
2455743.83    27741.27   -17493.49            0.78        2.76      0.731    -0.268 
2455827.62    28303.49   -18174.35            6.13        12.46     -0.477   -0.733 
2455841.60    28403.17   -18261.94            0.96        2.82      -0.653   -0.674 
2456113.82    31702.14   -19990.99            5.46        6.34     0.681    -0.324  
2456182.65    32155.83   -20569.75             1.77        6.44    -0.330   -0.751  
2456225.53    32489.34   -20792.76            11.83        7.19    -0.827   -0.536  
2456485.82    35684.01   -22522.56             9.78        4.46     0.601    -0.401 
2456534.67    36009.34   -22928.99             6.00        6.00    -0.127    -0.741 
2456580.55    36319.18   -23202.31             7.41        3.59     -0.742   -0.622 
2456583.54    36362.57   -23215.94             2.17        6.49     -0.770   -0.600 
2456903.66    39979.74   -25407.18             3.33        1.87     -0.188   -0.749 
2456948.55    40304.05   -25680.00             5.08        5.82     -0.769   -0.603 
2456957.52    40390.31   -25723.07             9.04        1.06     -0.840   -0.526 
2457175.93    43230.20   -27026.47             7.99        8.55      0.926    0.087 
2457218.80    43607.49   -27456.49             3.14        3.04      0.566    -0.429
2457227.79    43662.77   -27537.33             6.78        2.76      0.445    -0.518
2457321.53    44341.67   -28191.90             7.56        4.16     -0.834   -0.538 
2457325.51    44372.36   -28201.98             1.41        10.33    -0.860   -0.500 
2457613.74    47773.37   -30204.06             1.62        5.60      0.131    -0.674
2457655.59    48060.36   -30508.83             2.15        0.85     -0.507   -0.733 
2457663.59    48106.84   -30545.51             2.44        2.25     -0.609   -0.701 
